-0.10239386558532715,0.0031557083129882812,-0.3097872734069824
-0.3748295307159424,0.00472259521484375,0.27237415313720703
-0.295657217502594,0.15867900848388672,0.2591366767883301
-0.32879555225372314,0.2349681854248047,0.6836643218994141
-0.08468711376190186,0.06278705596923828,-0.4099082946777344
-0.6173528432846069,-0.258575439453125,0.4361143112182617
0.016304388642311096,-0.15668582916259766,-1.0845787525177002
-0.44576582312583923,-0.6138315200805664,-0.5403518676757812
0.35270190238952637,-0.1710653305053711,-0.3232235908508301
-0.17919446527957916,-0.44118309020996094,-0.45459985733032227
-0.22383154928684235,-0.4336376190185547,-0.40014219284057617
0.36508795619010925,-0.04394054412841797,-0.4286494255065918
0.5310086011886597,-0.2289285659790039,-0.6944689750671387
3.3261005878448486,0.590672492980957,-0.8443210124969482
8.930563926696777,2.2319211959838867,-1.4487037658691406
4.9693779945373535,-0.9190173149108887,-0.7669334411621094
1.4113616943359375,-2.3470382690429688,0.043623924255371094
-5.047288417816162,-4.925508499145508,0.8163723945617676
-9.646954536437988,-6.848637104034424,1.9991536140441895
-12.688962936401367,-7.800510406494141,0.3956003189086914
-10.648784637451172,-8.346531867980957,1.5443148612976074
5.955987930297852,-2.1615123748779297,0.9090080261230469
9.417098045349121,0.9913148880004883,4.689103603363037
11.284990310668945,2.8924365043640137,0.2617311477661133
11.50064754486084,0.5816507339477539,-2.166016101837158
13.320581436157227,1.7549724578857422,-2.211796760559082
9.142007827758789,0.4579620361328125,-6.149253845214844
3.1160972118377686,-1.8897364139556885,-1.0799360275268555
-1.6092092990875244,-2.8106350898742676,2.926459312438965
-7.196584701538086,-0.05892014503479004,3.995053291320801
-4.086366653442383,-0.6814925670623779,5.83818244934082
-2.88681697845459,-1.5329654216766357,1.910543441772461
0.10848402976989746,-0.4449615478515625,-1.483572006225586
0.6980847716331482,0.08851003646850586,-1.3948721885681152
1.13716721534729,0.4175896644592285,-1.4085993766784668
1.3675658702850342,1.112553358078003,-1.1221508979797363
1.4200495481491089,0.9490561485290527,-0.703770637512207
1.6685830354690552,1.129443645477295,-0.9646196365356445
0.9993495345115662,0.9204802513122559,-0.5406293869018555
1.0784709453582764,1.0934348106384277,-0.7288970947265625
1.148036241531372,0.5939874649047852,-0.31003379821777344
0.3566577434539795,-0.014434814453125,-0.6136503219604492
0.2466580867767334,-0.05869293212890625,-0.554931640625
0.3877161741256714,0.051537513732910156,-0.43900489807128906
0.02183675765991211,-0.10155248641967773,-0.8029069900512695
0.5388995409011841,0.20300722122192383,0.9680309295654297
