0.5427451133728027,-0.009776115417480469,-0.08104562759399414
0.8389145135879517,0.31618738174438477,0.6419086456298828
0.8056344985961914,0.799382209777832,0.4386625289916992
1.383870244026184,1.4133825302124023,1.399158000946045
1.9198540449142456,1.8812456130981445,3.023268699645996
1.5737849473953247,1.2292442321777344,2.320732593536377
0.8694170713424683,0.737553596496582,2.325650215148926
1.2897591590881348,0.09663152694702148,0.6463541984558105
1.090134620666504,-0.3418865203857422,-1.2536053657531738
-1.3341890573501587,-1.7183408737182617,-1.6490280628204346
-3.0470597743988037,-1.8359894752502441,-1.2414193153381348
-5.186496257781982,-2.796726703643799,0.2440323829650879
-5.277283668518066,-4.284142017364502,2.108163595199585
-3.917003870010376,-5.668000221252441,0.3271362781524658
0.9678043723106384,-4.945004940032959,-2.7170488834381104
4.25769567489624,-4.8165812492370605,-4.22504997253418
5.254732608795166,-3.4683423042297363,-4.153440475463867
7.626374244689941,-0.3900947570800781,-3.6680984497070312
5.532224178314209,-0.5442428588867188,-2.780606985092163
6.081474304199219,0.9260139465332031,-2.8279221057891846
2.4262804985046387,-0.6159377098083496,-0.19157791137695312
-2.8005738258361816,-3.8415417671203613,0.5329360961914062
-3.1653196811676025,-2.655768871307373,1.3238530158996582
-8.334543228149414,-5.037352085113525,2.785841941833496
-2.8051280975341797,-1.4061775207519531,1.9256668090820312
-3.4007139205932617,-0.6739950180053711,3.6261720657348633
-0.9676320552825928,1.1828632354736328,6.442251205444336
1.1658494472503662,2.085142135620117,3.9860286712646484
1.0394017696380615,0.6268320083618164,2.6582984924316406
1.3920243978500366,-0.19782519340515137,0.5156793594360352
2.175107002258301,-0.26764607429504395,0.6717805862426758
2.593655586242676,-0.05159902572631836,-0.8060111999511719
1.8489755392074585,-0.5350489616394043,-2.8127946853637695
0.9174690246582031,-0.7630178928375244,-0.14603805541992188
1.868499994277954,-0.033232688903808594,-1.7219886779785156
0.32836461067199707,-0.13907384872436523,-0.025872230529785156
0.7515933513641357,0.23078417778015137,-0.7684440612792969
0.40403127670288086,0.19084644317626953,0.49608612060546875
-0.07928502559661865,0.07674384117126465,-0.37960243225097656
-0.8048349618911743,-0.24561142921447754,-0.16755962371826172
-0.5792015194892883,-0.289980411529541,-0.03839111328125
-0.7100043296813965,-0.5366926193237305,-0.1638631820678711
-1.0882014036178589,-0.5491275787353516,-0.4143638610839844
-0.10834240913391113,-0.08655357360839844,-0.24465656280517578
-0.05321460962295532,-0.0654301643371582,-0.09247303009033203
-0.28725582361221313,-0.16292619705200195,0.02957916259765625
0.30489581823349,-0.02674388885498047,-3.8296761512756348
-0.38689371943473816,-0.33278965950012207,1.0626640319824219
0.18295818567276,0.13080692291259766,-0.21510028839111328
