0.5750008821487427,0.036733150482177734,0.35443544387817383
0.3969883918762207,0.1780095100402832,-0.05988597869873047
0.5698914527893066,0.34146785736083984,0.3391733169555664
0.23463135957717896,0.39832115173339844,0.8593039512634277
0.1906719207763672,1.5331411361694336,1.5893969535827637
0.8303629159927368,2.8978452682495117,3.236408233642578
0.640708327293396,1.680546760559082,4.260848522186279
0.10759896039962769,0.47583961486816406,1.5576128959655762
-0.26883605122566223,-1.0844335556030273,-2.015807867050171
-0.11887893825769424,-3.130685329437256,-1.8139991760253906
-1.686639428138733,-4.123565673828125,-4.575488090515137
-0.3745986819267273,-3.6281847953796387,-5.3224310874938965
-0.31994959712028503,-4.567478656768799,-5.5169854164123535
-0.9488202333450317,-5.815455436706543,-5.807899475097656
-0.23928268253803253,-7.2205119132995605,-3.1109676361083984
0.9259920716285706,-8.040749549865723,-1.110203504562378
-2.0811080932617188,-9.659589767456055,-0.269991397857666
-0.5627351403236389,-9.362434387207031,1.6924901008605957
3.012941598892212,-4.161728382110596,3.4233808517456055
4.036961555480957,-1.835473656654358,13.376707077026367
2.4724314212799072,0.01417475938796997,13.044944763183594
-0.7330257892608643,0.16663721203804016,8.376325607299805
0.5828235149383545,0.11985504627227783,6.211295127868652
-0.5853127241134644,-0.9176143407821655,-0.4894266128540039
-0.6785348057746887,-0.767228364944458,-2.4357762336730957
-0.894711971282959,-1.1386500597000122,-1.3602981567382812
-0.6281697154045105,-0.9841472506523132,-0.3899974822998047
-0.10838866233825684,-0.5679677724838257,-0.49683666229248047
-0.5194402933120728,-1.070927619934082,-0.7491617202758789
0.5040876865386963,-0.31902408599853516,-0.1508941650390625
-0.14549624919891357,-0.6484149098396301,-0.6121406555175781
0.07612895965576172,-0.37959837913513184,-0.1253499984741211
-0.23833608627319336,-0.5432210564613342,-0.4276704788208008
0.3201359510421753,-0.24915540218353271,-0.45870018005371094
-0.34225523471832275,-0.4309632182121277,-0.47402381896972656
-0.07509410381317139,-0.20690733194351196,0.4014310836791992
-0.1997663974761963,-0.20700138807296753,-0.35229969024658203
-0.2278071641921997,-0.11723959445953369,-0.6300258636474609
-0.14522850513458252,-0.2506232261657715,-0.9048490524291992
0.20976948738098145,0.03836536407470703,-0.5346012115478516
0.11783027648925781,-0.19385933876037598,0.4715251922607422
