-0.006599918007850647,-0.39345455169677734,-0.29813718795776367
-0.2099931836128235,-0.07418680191040039,0.042372703552246094
-0.01891198754310608,-0.04320955276489258,0.05047607421875
-0.11387506127357483,-0.08603382110595703,0.1556706428527832
-0.49232199788093567,-0.3179941177368164,0.34197187423706055
-0.5864074230194092,0.09877872467041016,-0.018907546997070312
0.052160944789648056,0.2224597930908203,-0.3636927604675293
-0.7191519141197205,-0.10003900527954102,0.5579514503479004
-0.1350458562374115,0.6215810775756836,1.1348729133605957
-2.352898359298706,0.7347402572631836,1.5686759948730469
-3.7260870933532715,-1.2963523864746094,2.7331748008728027
-4.921837329864502,-3.643881320953369,1.4691877365112305
-2.6236464977264404,-4.208187103271484,-0.8651771545410156
1.3276491165161133,-3.9414119720458984,-3.2294726371765137
1.1367019414901733,-4.787851810455322,-4.043540000915527
3.2314610481262207,-3.8700218200683594,-4.137452602386475
4.030401229858398,-3.164938449859619,-3.7533695697784424
4.936099052429199,-2.6374921798706055,-1.6156606674194336
6.150733470916748,-1.021338939666748,-0.6656589508056641
5.295875072479248,-1.9439716339111328,2.0988831520080566
5.974711894989014,0.29898977279663086,2.1097044944763184
5.12876558303833,0.11308908462524414,4.289750099182129
1.458240032196045,-0.03298497200012207,8.400224685668945
-2.419224739074707,-0.8066315650939941,11.587787628173828
-5.339271545410156,-1.4780631065368652,8.918800354003906
-5.363402843475342,-2.1967203617095947,5.927567005157471
-5.796131134033203,-3.103174924850464,2.9577956199645996
-4.231358528137207,-3.3277432918548584,1.10821533203125
-2.658576726913452,-3.3937630653381348,-0.7223954200744629
-1.6566870212554932,-3.228647232055664,-0.9517374038696289
-0.6674093008041382,-3.4500198364257812,-1.4274182319641113
1.1944479942321777,-2.8143362998962402,-1.4317975044250488
2.04582142829895,-2.2259531021118164,-1.5730876922607422
3.85117244720459,-1.175724983215332,-1.4786326885223389
3.5380961894989014,-1.0450797080993652,-2.6365206241607666
2.7537729740142822,0.02122783660888672,-2.756762981414795
2.144843339920044,0.6865110397338867,-1.4344751834869385
1.493997573852539,0.4460411071777344,-0.41631388664245605
0.10376197099685669,-0.051197052001953125,-0.335284948348999
-0.5387523770332336,-0.08304500579833984,-0.1234431266784668
-0.5606193542480469,0.0737600326538086,-0.09126520156860352
-1.3310766220092773,-0.4173622131347656,0.39337825775146484
-1.2583019733428955,-0.5442285537719727,0.10872459411621094
0.2557663321495056,0.012577056884765625,-0.785179853439331
-0.44247734546661377,0.18569564819335938,-0.7955539226531982
-1.1371252536773682,-0.3146400451660156,-0.0996849536895752
-0.7844821810722351,-0.28527069091796875,0.23217511177062988
0.5329880118370056,0.06576061248779297,1.1093196868896484