-1.680120025382085,-0.14849234786624804
-1.7012944645830663,-0.11811860461332066
-1.7251080784114468,-0.108595213691463
-1.6436120523516193,-0.4238503447648577
-1.7092309025170433,-0.966591304590984
-2.3341844471095428,-1.5387405507887986
-2.6754465701209784,-1.5819070548745966
-3.19909064236074,-2.074437322697114
-3.595335754495177,-2.414114861782534
-3.7058116057852764,-2.2687140402156283
-3.3823441002285173,-1.6617119164079512
-2.8717860330375315,-2.4664432708024178
-1.7834752324844876,-2.0548443234990565
-1.0691438424098547,-1.095928668625427
-0.436116850092054,-0.4223106092733496
-1.2955889133568337,0.5292113766770157
-2.7763730744509663,0.6208112541385948
-2.9060706234150717,0.6795608306174697
-3.0057537074719236,0.6422594829627648
-3.051802415565068,0.7725281024281948
-2.494207635722355,0.7885696298958826
-2.628114532373432,0.22872188073952746
-2.390212520416816,0.7003917776101184
-1.170156141788766,1.037567742792113
0.3096116357272971,1.025017347079379
3.459568463350169,1.7489274985640266
9.796565187135116,0.8634640754951626
17.414087516562777,-1.8316741303414703
24.196419066429147,-4.3806974007022745
29.93746732319575,-3.8152295996246495
35.148424075103016,-3.0597479427211187
39.36546652924976,-2.4729502463324966
44.59654020406352,-1.520532793365753
51.058461014409204,-1.8765376603644504
58.602931493231964,-1.5370064562668215
64.5839600968493,-0.724336195815385
70.61952951357479,0.8865999997646269
75.72999074843524,1.7731090537651018
81.1592496656716,3.4641825526654686
82.87117019337023,3.890270981880335
82.60707991807949,3.4162757957344567
82.48309293931972,3.0309413778931518
81.80503501031303,2.8763843958953874
78.56321193056608,1.925409257346594
73.1217516305659,1.9223164707298512
67.23420657956187,1.8685830572970008
60.95434540187044,2.359090349407561
52.71082190257169,1.9494555423742246
44.500919241087566,0.653268716488867
37.38943630810703,-0.32619276765434374
31.31492504938284,-0.9760939113968516
26.579805301088076,-2.0770843494173006
21.35769118108588,-2.925510255760229
14.98499803741665,-3.0785559826910007
7.297341789359393,-3.0280974777368392
1.6199581360420614,-2.528084723062671
-2.9679846418435614,-2.0179783062700976
-6.115959483168494,-1.895526493411756
-7.858084322361931,-1.8191857911991625
-9.711170412183732,-1.4600664588375543
-10.180823754630111,-0.687126051699009
-10.325621412070175,-0.26647791863021253
-10.02562208823215,-0.10333997343184124
-8.757710643273121,-0.04085075650626828
-5.442237821827932,0.3252931574588769
0.46283854511179845,1.0668132790676526
8.01264360188232,2.3157117410004666
16.432165709524888,3.8515498789046596
24.09518664513797,4.681141846502012
31.31595600438509,5.439871070593604
36.305473402072614,4.746927927817791
41.030995421618314,3.0114316409508195
46.613498273182636,2.3965994005116076
53.25872682687605,2.443750915681692
59.710551718265485,2.7097797352760487
65.82981945970982,3.172521861978141
71.57622278949185,3.3481764750716176
77.83750554653822,4.153833750624829
82.31593132338585,3.8600985272655457
84.76904004164705,3.962911870973416
86.38752373746657,4.521731069930175
86.65865941428409,4.655291195987996
85.93324998480125,4.603202460755991
83.63880964815003,4.008009099653653
80.63505302076786,4.058699429658337
74.91657594568312,3.985334474851108
67.53229427882462,2.7278072428911906
58.87306027517981,2.224875727166472
50.27575732542698,2.388511180811161
41.63384675839979,3.7848097166804724
31.791116914812807,2.5417497520021604
21.73657353016598,-0.9777644943787207
13.94769192118103,-3.080530342451956
7.982625709191577,-3.8113572806575386
3.1910632993929244,-4.331845679712566
-0.38927892005166664,-6.293271586696127
-4.069753679715391,-6.751796671011373
-6.541485577600558,-5.611264805209466
-7.219237393473372,-4.460838991908178
-7.046565842404896,-4.358988230924039
-6.407430079548057,-4.323622445252332
-4.409114805535653,-3.5155111704368567
0.43646156595124147,-2.573639237828378
6.433466904372147,-2.8509383674663207
14.932753541034309,-2.8780791226812434
24.860323539264776,-2.0804035252184563
35.964106533390975,-0.697226274939347
43.63935536432166,-0.6701165284545302
48.128654750247364,-1.9778085632515903
52.428551167826136,-2.7082743825615716
60.31899560418524,-2.520466730481953
67.48101176000993,-1.350879561530476
77.06942496920489,-0.6794868390635729
82.81950382848837,-0.5248333452672246
86.58499003079056,0.22194543673230305
89.3260408722259,1.0442483528326252
90.69554638362456,1.3367837506619247
90.41915845982342,1.0794992283483158
89.16155211922555,1.5631575876923305
85.28715470747777,1.360526381971897
77.02298948495157,-0.3518528030046693
71.65089074858727,0.25093271071969414
61.54144393238216,0.5314102526809497
50.175408833474656,0.16039502577142675
38.80373304149563,-0.7622100674671085
29.15087056888825,-2.4406551030940986
20.164802350513124,-4.659212816289921
13.28331846466122,-4.691684720786939
6.247889940569002,-3.3552040261851794
-0.24925909867801482,-5.012983392527965
-4.079621921381225,-7.1964016717996255
-5.272205748272901,-7.531134601748527
-5.460244027401448,-7.270477459203821
-5.4813069429402255,-6.786907124243068
-5.155879518735879,-5.612522955979166
-3.9401786828732197,-4.34830221475441
1.162901920895904,-4.164405900813275
9.41043484200454,-3.9042208729526515
24.93224763317432,-4.500370914844991
35.95770744577666,-4.237860286303172
47.64780040096125,-3.1433346955752555
55.90196330515156,-3.4879190864443363
63.66501657295446,-3.6731094178758665
70.97688462723873,-3.1342153496968708
77.41042453552068,-3.0309638941826686
82.50948757622511,-3.4647135494238688
86.22520947014654,-3.0547364404719097
87.66625817628807,-2.3053882771481518
87.6024502891292,-2.227498748010092
86.81880478458716,-2.6091704775039024
85.80766269320144,-2.375913604076371
84.5298707296534,-2.2415547147472057
81.20577276680328,-2.2071289888591874
75.86946670986686,-2.085148979111162
69.62934162344635,-3.7753911073690523
63.004382192016436,-4.900841132780951
53.350427993470696,-5.543845466528544
44.585488906217385,-5.115588749924424
36.716857945428664,-4.210642739768852
30.066462076399116,-4.770065352326364
23.007285166805975,-5.967863315097037
15.728068381292301,-6.837254302908029
9.082302834668972,-7.523447924255026
3.1182973712738344,-7.40031738364642
-1.4152535281177727,-7.537739823925949
-3.6113203962401785,-8.777723179014494
-5.107813815329848,-9.248969904823607
-5.5308531466457875,-9.130953869483815
-5.197197270767698,-9.258313680237217
-4.4973261921731655,-9.133350844514643
-3.430102976172729,-7.407847442414157
-2.8834514077483613,-6.8434097868925425
-2.9359910101849396,-7.145916002644913
-2.727897243127213,-6.345430098667488
-3.0352201806549073,-5.902802638582245
-2.951427316182813,-5.340808800217259
-2.873786581287792,-4.4410266462806565
-3.3713338310157788,-4.444244006319102
-3.581328178993401,-4.654952056328422
-3.3854109296197077,-4.638551012645259
-3.457825339130344,-4.2815794155761315
